%  a_ev_FSRQ =   0.224  z_top_FSRQ =   2.254  log_10_L_star_FSRQ =  34.043
%  alpha_FSRQ =   0.658  beta_FSRQ =   2.938  log_10_n0_FSRQ =  -8.989
%  tau_evol_BLLac =   1.341  log_10_L_star_BLLac = 32.831  alpha_BLLac =  0.975  beta_BLLac =   1.264  log_10_n0_BLLac =  -7.956
%  a_ev_FRII =   0.312  z_top_FRII =   2.171  alpha_FRII =   0.629  beta_FRII =   2.307  log_L_star_FRII =  32.879  log_n_0_FRII =  -7.034
%
%
%  log_10 of normalized differential counts per steradian [log(S^{5/2} dN/dS), S in Jy]  at  15.00 GHz
%
%          log S(Jy)     flat-spectrum    steep-spectrum      Total 
            -7.000          -2.629          -4.184          -2.617
            -6.900          -2.564          -4.073          -2.551
            -6.800          -2.498          -3.967          -2.484
            -6.700          -2.436          -3.862          -2.420
            -6.600          -2.374          -3.759          -2.356
            -6.500          -2.314          -3.656          -2.294
            -6.400          -2.254          -3.557          -2.233
            -6.300          -2.195          -3.456          -2.172
            -6.200          -2.136          -3.359          -2.111
            -6.100          -2.079          -3.262          -2.051
            -6.000          -2.022          -3.167          -1.992
            -5.900          -1.965          -3.072          -1.932
            -5.800          -1.909          -2.978          -1.873
            -5.700          -1.853          -2.883          -1.814
            -5.600          -1.797          -2.789          -1.755
            -5.500          -1.741          -2.697          -1.696
            -5.400          -1.686          -2.603          -1.636
            -5.300          -1.631          -2.509          -1.577
            -5.200          -1.576          -2.415          -1.517
            -5.100          -1.521          -2.317          -1.456
            -5.000          -1.465          -2.223          -1.395
            -4.900          -1.410          -2.125          -1.334
            -4.800          -1.355          -2.021          -1.270
            -4.700          -1.300          -1.924          -1.208
            -4.600          -1.245          -1.820          -1.143
            -4.500          -1.190          -1.707          -1.075
            -4.400          -1.135          -1.597          -1.006
            -4.300          -1.079          -1.475          -0.932
            -4.200          -1.023          -1.359          -0.858
            -4.100          -0.967          -1.221          -0.775
            -4.000          -0.911          -1.084          -0.688
            -3.900          -0.854          -0.935          -0.592
            -3.800          -0.797          -0.778          -0.487
            -3.700          -0.740          -0.609          -0.369
            -3.600          -0.682          -0.445          -0.247
            -3.500          -0.624          -0.319          -0.144
            -3.400          -0.566          -0.215          -0.055
            -3.300          -0.507          -0.119           0.030
            -3.200          -0.447          -0.028           0.112
            -3.100          -0.387           0.059           0.192
            -3.000          -0.326           0.146           0.272
            -2.900          -0.265           0.232           0.352
            -2.800          -0.203           0.316           0.431
            -2.700          -0.140           0.400           0.510
            -2.600          -0.077           0.483           0.588
            -2.500          -0.013           0.564           0.666
            -2.400           0.052           0.643           0.742
            -2.300           0.118           0.721           0.818
            -2.200           0.184           0.795           0.890
            -2.100           0.251           0.868           0.962
            -2.000           0.319           0.935           1.029
            -1.900           0.387           0.998           1.093
            -1.800           0.456           1.056           1.153
            -1.700           0.526           1.103           1.205
            -1.600           0.597           1.140           1.249
            -1.500           0.668           1.163           1.284
            -1.400           0.739           1.163           1.302
            -1.300           0.811           1.137           1.305
            -1.200           0.883           1.103           1.308
            -1.100           0.955           1.076           1.321
            -1.000           1.027           1.052           1.340
            -0.900           1.098           1.028           1.366
            -0.800           1.169           1.003           1.395
            -0.700           1.238           0.977           1.428
            -0.600           1.305           0.951           1.464
            -0.500           1.369           0.924           1.502
            -0.400           1.429           0.898           1.541
            -0.300           1.483           0.873           1.579
            -0.200           1.531           0.850           1.613
            -0.100           1.568           0.827           1.641
             0.000           1.595           0.805           1.660
             0.100           1.609           0.787           1.670
             0.200           1.610           0.768           1.668
             0.300           1.599           0.751           1.656
             0.400           1.578           0.736           1.636
             0.500           1.549           0.722           1.610
             0.600           1.518           0.709           1.581
             0.700           1.486           0.698           1.552
             0.800           1.456           0.688           1.525
             0.900           1.429           0.679           1.500
             1.000           1.406           0.671           1.479
             1.100           1.387           0.664           1.462
             1.200           1.372           0.656           1.449
             1.300           1.361           0.651           1.438
             1.400           1.352           0.646           1.430
             1.500           1.345           0.641           1.424
             1.600           1.342           0.636           1.420
             1.700           1.338           0.632           1.416
             1.800           1.335           0.628           1.413
             1.900           1.335           0.625           1.412
             2.000           1.334           0.622           1.411
