  0.158E-04    0.156E+11   0.292E+10   0.127E+11   0.449E+10   0.288E+10   0.979E+10
  0.200E-04    0.105E+11   0.203E+10   0.843E+10   0.288E+10   0.200E+10   0.642E+10
  0.251E-04    0.663E+10   0.125E+10   0.539E+10   0.188E+10   0.131E+10   0.408E+10
  0.316E-04    0.445E+10   0.868E+09   0.358E+10   0.126E+10   0.998E+09   0.259E+10
  0.398E-04    0.290E+10   0.560E+09   0.234E+10   0.873E+09   0.646E+09   0.169E+10
  0.501E-04    0.199E+10   0.413E+09   0.158E+10   0.550E+09   0.431E+09   0.115E+10
  0.631E-04    0.132E+10   0.249E+09   0.107E+10   0.367E+09   0.302E+09   0.766E+09
  0.794E-04    0.817E+09   0.171E+09   0.646E+09   0.240E+09   0.200E+09   0.445E+09
  0.100E-03    0.550E+09   0.120E+09   0.430E+09   0.148E+09   0.128E+09   0.303E+09
  0.126E-03    0.374E+09   0.709E+08   0.303E+09   0.103E+09   0.896E+08   0.214E+09
  0.158E-03    0.253E+09   0.561E+08   0.196E+09   0.659E+08   0.678E+08   0.129E+09
  0.200E-03    0.163E+09   0.353E+08   0.128E+09   0.430E+08   0.445E+08   0.836E+08
  0.251E-03    0.105E+09   0.230E+08   0.815E+08   0.273E+08   0.288E+08   0.527E+08
  0.316E-03    0.676E+08   0.144E+08   0.531E+08   0.182E+08   0.191E+08   0.340E+08
  0.398E-03    0.449E+08   0.953E+07   0.354E+08   0.118E+08   0.136E+08   0.218E+08
  0.501E-03    0.289E+08   0.649E+07   0.224E+08   0.763E+07   0.850E+07   0.139E+08
  0.631E-03    0.195E+08   0.388E+07   0.156E+08   0.527E+07   0.628E+07   0.932E+07
  0.794E-03    0.118E+08   0.254E+07   0.926E+07   0.292E+07   0.378E+07   0.547E+07
  0.100E-02    0.772E+07   0.163E+07   0.609E+07   0.184E+07   0.240E+07   0.369E+07
  0.126E-02    0.523E+07   0.970E+06   0.426E+07   0.136E+07   0.181E+07   0.245E+07
  0.158E-02    0.314E+07   0.598E+06   0.254E+07   0.846E+06   0.979E+06   0.156E+07
  0.200E-02    0.200E+07   0.341E+06   0.166E+07   0.508E+06   0.714E+06   0.948E+06
  0.251E-02    0.131E+07   0.215E+06   0.109E+07   0.333E+06   0.465E+06   0.630E+06
  0.316E-02    0.837E+06   0.119E+06   0.718E+06   0.208E+06   0.324E+06   0.394E+06
  0.398E-02    0.526E+06   0.728E+05   0.453E+06   0.136E+06   0.204E+06   0.249E+06
  0.501E-02    0.325E+06   0.400E+05   0.285E+06   0.808E+05   0.127E+06   0.159E+06
  0.631E-02    0.208E+06   0.227E+05   0.186E+06   0.506E+05   0.833E+05   0.102E+06
  0.794E-02    0.128E+06   0.134E+05   0.115E+06   0.322E+05   0.515E+05   0.633E+05
  0.100E-01    0.851E+05   0.683E+04   0.783E+05   0.215E+05   0.368E+05   0.416E+05
  0.126E-01    0.567E+05   0.479E+04   0.519E+05   0.141E+05   0.244E+05   0.275E+05
  0.158E-01    0.325E+05   0.239E+04   0.301E+05   0.764E+04   0.153E+05   0.148E+05
  0.200E-01    0.209E+05   0.127E+04   0.196E+05   0.529E+04   0.944E+04   0.102E+05
  0.251E-01    0.134E+05   0.710E+03   0.127E+05   0.336E+04   0.615E+04   0.650E+04
  0.316E-01    0.851E+04   0.406E+03   0.811E+04   0.214E+04   0.410E+04   0.401E+04
  0.398E-01    0.541E+04   0.227E+03   0.518E+04   0.136E+04   0.260E+04   0.259E+04
  0.501E-01    0.340E+04   0.140E+03   0.326E+04   0.841E+03   0.170E+04   0.156E+04
  0.631E-01    0.213E+04   0.760E+02   0.206E+04   0.557E+03   0.108E+04   0.974E+03
  0.794E-01    0.135E+04   0.369E+02   0.131E+04   0.362E+03   0.683E+03   0.630E+03
  0.100E+00    0.825E+03   0.231E+02   0.802E+03   0.228E+03   0.423E+03   0.379E+03
  0.126E+00    0.509E+03   0.115E+02   0.497E+03   0.140E+03   0.263E+03   0.234E+03
  0.158E+00    0.320E+03   0.544E+01   0.315E+03   0.827E+02   0.170E+03   0.145E+03
  0.200E+00    0.203E+03   0.334E+01   0.199E+03   0.564E+02   0.106E+03   0.931E+02
  0.251E+00    0.128E+03   0.220E+01   0.125E+03   0.378E+02   0.661E+02   0.594E+02
  0.316E+00    0.785E+02   0.107E+01   0.775E+02   0.231E+02   0.411E+02   0.363E+02
  0.398E+00    0.476E+02   0.554E+00   0.470E+02   0.137E+02   0.253E+02   0.217E+02
  0.501E+00    0.294E+02   0.365E+00   0.290E+02   0.868E+01   0.150E+02   0.140E+02
  0.631E+00    0.171E+02   0.158E+00   0.170E+02   0.489E+01   0.893E+01   0.805E+01
  0.794E+00    0.106E+02   0.130E+00   0.105E+02   0.284E+01   0.539E+01   0.509E+01
  0.100E+01    0.640E+01   0.590E-01   0.634E+01   0.162E+01   0.324E+01   0.310E+01
  0.126E+01    0.378E+01   0.279E-01   0.375E+01   0.900E+00   0.195E+01   0.181E+01
  0.158E+01    0.229E+01   0.165E-01   0.227E+01   0.492E+00   0.115E+01   0.112E+01
  0.200E+01    0.136E+01   0.104E-01   0.135E+01   0.266E+00   0.687E+00   0.663E+00
  0.251E+01    0.801E+00   0.371E-02   0.798E+00   0.142E+00   0.404E+00   0.394E+00
  0.316E+01    0.447E+00   0.240E-02   0.445E+00   0.661E-01   0.228E+00   0.217E+00
  0.398E+01    0.280E+00   0.130E-02   0.279E+00   0.407E-01   0.144E+00   0.134E+00
  0.501E+01    0.162E+00   0.550E-03   0.161E+00   0.184E-01   0.832E-01   0.779E-01
  0.631E+01    0.929E-01   0.601E-03   0.923E-01   0.940E-02   0.472E-01   0.451E-01
  0.794E+01    0.563E-01   0.217E-03   0.561E-01   0.517E-02   0.292E-01   0.269E-01
  0.100E+02    0.318E-01   0.138E-03   0.317E-01   0.259E-02   0.154E-01   0.163E-01
  0.126E+02    0.174E-01   0.274E-04   0.174E-01   0.131E-02   0.853E-02   0.889E-02
  0.158E+02    0.994E-02   0.000E+00   0.994E-02   0.674E-03   0.490E-02   0.504E-02
  0.200E+02    0.557E-02   0.000E+00   0.557E-02   0.398E-03   0.274E-02   0.283E-02
  0.251E+02    0.314E-02   0.000E+00   0.314E-02   0.178E-03   0.166E-02   0.148E-02
  0.316E+02    0.172E-02   0.000E+00   0.172E-02   0.763E-04   0.833E-03   0.890E-03
  0.398E+02    0.884E-03   0.000E+00   0.884E-03   0.260E-04   0.446E-03   0.437E-03
  0.501E+02    0.454E-03   0.000E+00   0.454E-03   0.275E-04   0.242E-03   0.212E-03
  0.631E+02    0.219E-03   0.000E+00   0.219E-03   0.547E-05   0.129E-03   0.897E-04
  0.794E+02    0.130E-03   0.000E+00   0.130E-03   0.000E+00   0.651E-04   0.651E-04
  0.100E+03    0.724E-04   0.000E+00   0.724E-04   0.345E-05   0.326E-04   0.398E-04
